# col1: I, col2: V
-4.000000000000000083e-03 9.655699999999999303e-07
-3.990000000000000491e-03 1.016049999999999996e-06
-3.980000000000000898e-03 1.022360000000000110e-06
-3.970000000000001306e-03 9.655699999999999303e-07
-3.960000000000001713e-03 9.945999999999999726e-07
-3.950000000000002121e-03 1.004690000000000032e-06
-3.940000000000002528e-03 1.004690000000000032e-06
-3.930000000000002935e-03 9.882900000000000703e-07
-3.920000000000003343e-03 9.895500000000001226e-07
-3.910000000000003750e-03 9.958600000000000249e-07
-3.900000000000004158e-03 9.908099999999999631e-07
-3.890000000000004565e-03 9.870199999999999537e-07
-3.880000000000004973e-03 1.007219999999999989e-06
-3.870000000000005380e-03 9.794499999999999990e-07
-3.860000000000005788e-03 1.012270000000000051e-06
-3.850000000000006195e-03 9.832400000000000085e-07
-3.840000000000006602e-03 9.693500000000000873e-07
-3.830000000000007010e-03 9.895500000000001226e-07
-3.820000000000007417e-03 9.933300000000000677e-07
-3.810000000000007825e-03 9.718800000000000444e-07
-3.800000000000008232e-03 9.579900000000001232e-07
-3.790000000000008640e-03 9.870199999999999537e-07
-3.780000000000009047e-03 9.908099999999999631e-07
-3.770000000000009455e-03 9.971200000000000772e-07
-3.760000000000009862e-03 9.643000000000000255e-07
-3.750000000000010270e-03 9.592600000000000280e-07
-3.740000000000010677e-03 9.605200000000000803e-07
-3.730000000000011084e-03 9.428500000000000022e-07
-3.720000000000011492e-03 9.845000000000000608e-07
-3.710000000000011899e-03 9.895500000000001226e-07
-3.700000000000012307e-03 9.832400000000000085e-07
-3.690000000000012714e-03 9.630399999999999732e-07
-3.680000000000013122e-03 9.794499999999999990e-07
-3.670000000000013529e-03 1.014789999999999944e-06
-3.660000000000013937e-03 1.327810000000000082e-06
-3.650000000000014344e-03 2.399399999999999846e-06
-3.640000000000014752e-03 4.695310000000000451e-06
-3.630000000000015159e-03 8.162519999999999905e-06
-3.620000000000015566e-03 1.176856000000000003e-05
-3.610000000000015974e-03 1.474983000000000105e-05
-3.600000000000016381e-03 1.718836000000000021e-05
-3.590000000000016789e-03 1.923182999999999981e-05
-3.580000000000017196e-03 2.092821999999999865e-05
-3.570000000000017604e-03 2.246176999999999687e-05
-3.560000000000018011e-03 2.378326999999999769e-05
-3.550000000000018419e-03 2.500126999999999856e-05
-3.540000000000018826e-03 2.600091999999999838e-05
-3.530000000000019234e-03 2.691978999999999862e-05
-3.520000000000019641e-03 2.767330999999999882e-05
-3.510000000000020048e-03 2.832332999999999907e-05
-3.500000000000020456e-03 2.891150999999999994e-05
-3.490000000000020863e-03 2.934947999999999941e-05
-3.480000000000021271e-03 2.971929999999999852e-05
-3.470000000000021678e-03 3.001969999999999991e-05
-3.460000000000022086e-03 3.013960999999999924e-05
-3.450000000000022493e-03 3.024183999999999843e-05
-3.440000000000022901e-03 3.026077999999999863e-05
-3.430000000000023308e-03 3.014970999999999767e-05
-3.420000000000023715e-03 3.001338999999999895e-05
-3.410000000000024123e-03 2.974706999999999978e-05
-3.400000000000024530e-03 2.939366000000000006e-05
-3.390000000000024938e-03 2.893674999999999701e-05
-3.380000000000025345e-03 2.842934999999999912e-05
-3.370000000000025753e-03 2.778311999999999972e-05
-3.360000000000026160e-03 2.702959999999999952e-05
-3.350000000000026568e-03 2.620917999999999832e-05
-3.340000000000026975e-03 2.522088999999999698e-05
-3.330000000000027383e-03 2.412405999999999887e-05
-3.320000000000027790e-03 2.290226999999999714e-05
-3.310000000000028197e-03 2.149619999999999927e-05
-3.300000000000028605e-03 1.985660999999999961e-05
-3.290000000000029012e-03 1.802392000000000005e-05
-3.280000000000029420e-03 1.600317999999999812e-05
-3.270000000000029827e-03 1.355833000000000068e-05
-3.260000000000030235e-03 1.051900000000000042e-05
-3.250000000000030642e-03 7.000050000000000005e-06
-3.240000000000031050e-03 3.655269999999999987e-06
-3.230000000000031457e-03 1.763260000000000081e-06
-3.220000000000031865e-03 1.085470000000000044e-06
-3.210000000000032272e-03 9.542099999999999663e-07
-3.200000000000032679e-03 9.365400000000000999e-07
-3.190000000000033087e-03 9.251799999999999240e-07
-3.180000000000033494e-03 9.251799999999999240e-07
-3.170000000000033902e-03 9.239100000000000192e-07
-3.160000000000034309e-03 9.340099999999999310e-07
-3.150000000000034717e-03 9.289600000000000810e-07
-3.140000000000035124e-03 9.213900000000001263e-07
-3.130000000000035532e-03 9.529400000000000614e-07
-3.120000000000035939e-03 9.390599999999999927e-07
-3.110000000000036346e-03 9.516800000000000091e-07
-3.100000000000036754e-03 9.340099999999999310e-07
-3.090000000000037161e-03 9.365400000000000999e-07
-3.080000000000037569e-03 9.277000000000000286e-07
-3.070000000000037976e-03 9.542099999999999663e-07
-3.060000000000038384e-03 9.201300000000000740e-07
-3.050000000000038791e-03 9.314900000000000381e-07
-3.040000000000039199e-03 9.542099999999999663e-07
-3.030000000000039606e-03 9.138199999999999599e-07
-3.020000000000040014e-03 9.289600000000000810e-07
-3.010000000000040421e-03 9.327500000000000904e-07
-3.000000000000040828e-03 9.441100000000000545e-07
-2.990000000000041236e-03 9.403200000000000450e-07
-2.980000000000041643e-03 9.390599999999999927e-07
-2.970000000000042051e-03 9.390599999999999927e-07
-2.960000000000042458e-03 9.415899999999999499e-07
-2.950000000000042866e-03 9.239100000000000192e-07
-2.940000000000043273e-03 9.453700000000001068e-07
-2.930000000000043681e-03 9.403200000000000450e-07
-2.920000000000044088e-03 9.302299999999999858e-07
-2.910000000000044496e-03 9.479000000000000639e-07
-2.900000000000044903e-03 9.529400000000000614e-07
-2.890000000000045310e-03 9.403200000000000450e-07
-2.880000000000045718e-03 9.428500000000000022e-07
-2.870000000000046125e-03 9.365400000000000999e-07
-2.860000000000046533e-03 9.428500000000000022e-07
-2.850000000000046940e-03 9.188700000000000217e-07
-2.840000000000047348e-03 9.163400000000000646e-07
-2.830000000000047755e-03 9.491600000000001162e-07
-2.820000000000048163e-03 9.226499999999999669e-07
-2.810000000000048570e-03 9.150800000000000123e-07
-2.800000000000048977e-03 9.415899999999999499e-07
-2.790000000000049385e-03 9.390599999999999927e-07
-2.780000000000049792e-03 9.479000000000000639e-07
-2.770000000000050200e-03 9.314900000000000381e-07
-2.760000000000050607e-03 9.213900000000001263e-07
-2.750000000000051015e-03 9.441100000000000545e-07
-2.740000000000051422e-03 9.479000000000000639e-07
-2.730000000000051830e-03 9.390599999999999927e-07
-2.720000000000052237e-03 9.239100000000000192e-07
-2.710000000000052645e-03 9.415899999999999499e-07
-2.700000000000053052e-03 9.403200000000000450e-07
-2.690000000000053459e-03 9.466299999999999473e-07
-2.680000000000053867e-03 9.352699999999999833e-07
-2.670000000000054274e-03 9.542099999999999663e-07
-2.660000000000054682e-03 9.516800000000000091e-07
-2.650000000000055089e-03 1.098100000000000125e-06
-2.640000000000055497e-03 1.626949999999999941e-06
-2.630000000000055904e-03 3.056999999999999700e-06
-2.620000000000056312e-03 5.847680000000000228e-06
-2.610000000000056719e-03 9.409550000000000398e-06
-2.600000000000057127e-03 1.280859999999999964e-05
-2.590000000000057534e-03 1.543267000000000008e-05
-2.580000000000057941e-03 1.772478999999999941e-05
-2.570000000000058349e-03 1.967233000000000008e-05
-2.560000000000058756e-03 2.128919999999999939e-05
-2.550000000000059164e-03 2.270915999999999994e-05
-2.540000000000059571e-03 2.399783999999999858e-05
-2.530000000000059979e-03 2.508457999999999896e-05
-2.520000000000060386e-03 2.602363999999999874e-05
-2.510000000000060794e-03 2.683521999999999817e-05
-2.500000000000061201e-03 2.756349999999999791e-05
-2.490000000000061608e-03 2.816807999999999747e-05
-2.480000000000062016e-03 2.864770999999999748e-05
-2.470000000000062423e-03 2.907558999999999922e-05
-2.460000000000062831e-03 2.935831999999999778e-05
-2.450000000000063238e-03 2.956783999999999777e-05
-2.440000000000063646e-03 2.969531999999999811e-05
-2.430000000000064053e-03 2.972055999999999857e-05
-2.420000000000064461e-03 2.965113999999999746e-05
-2.410000000000064868e-03 2.950725999999999843e-05
-2.400000000000065276e-03 2.930530999999999945e-05
-2.390000000000065683e-03 2.900237999999999726e-05
-2.380000000000066090e-03 2.854420999999999754e-05
-2.370000000000066498e-03 2.805953999999999732e-05
-2.360000000000066905e-03 2.749533999999999686e-05
-2.350000000000067313e-03 2.676327999999999696e-05
-2.340000000000067720e-03 2.597314999999999712e-05
-2.330000000000068128e-03 2.502398999999999891e-05
-2.320000000000068535e-03 2.394482999999999687e-05
-2.310000000000068943e-03 2.276468999999999837e-05
-2.300000000000069350e-03 2.142172999999999725e-05
-2.290000000000069758e-03 1.986291999999999718e-05
-2.280000000000070165e-03 1.815392999999999781e-05
-2.270000000000070572e-03 1.613443999999999862e-05
-2.260000000000070980e-03 1.379940999999999939e-05
-2.250000000000071387e-03 1.089261000000000039e-05
-2.240000000000071795e-03 7.403950000000000491e-06
-2.230000000000072202e-03 4.090720000000000197e-06
-2.220000000000072610e-03 1.991719999999999626e-06
-2.210000000000073017e-03 1.200329999999999949e-06
-2.200000000000073425e-03 1.011009999999999998e-06
-2.190000000000073832e-03 9.441100000000000545e-07
-2.180000000000074240e-03 9.592600000000000280e-07
-2.170000000000074647e-03 9.479000000000000639e-07
-2.160000000000075054e-03 9.655699999999999303e-07
-2.150000000000075462e-03 9.794499999999999990e-07
-2.140000000000075869e-03 9.491600000000001162e-07
-2.130000000000076277e-03 9.453700000000001068e-07
-2.120000000000076684e-03 9.390599999999999927e-07
-2.110000000000077092e-03 9.542099999999999663e-07
-2.100000000000077499e-03 9.819700000000001037e-07
-2.090000000000077907e-03 9.365400000000000999e-07
-2.080000000000078314e-03 9.479000000000000639e-07
-2.070000000000078721e-03 9.340099999999999310e-07
-2.060000000000079129e-03 9.516800000000000091e-07
-2.050000000000079536e-03 9.390599999999999927e-07
-2.040000000000079944e-03 9.630399999999999732e-07
-2.030000000000080351e-03 9.365400000000000999e-07
-2.020000000000080759e-03 9.441100000000000545e-07
-2.010000000000081166e-03 9.516800000000000091e-07
-2.000000000000081574e-03 9.466299999999999473e-07
-1.990000000000081981e-03 9.390599999999999927e-07
-1.980000000000082389e-03 9.504199999999999568e-07
-1.970000000000082796e-03 9.415899999999999499e-07
-1.960000000000083203e-03 9.062399999999999410e-07
-1.950000000000083611e-03 9.693500000000000873e-07
-1.940000000000084018e-03 9.668299999999999826e-07
-1.930000000000084426e-03 9.516800000000000091e-07
-1.920000000000084833e-03 9.857600000000001131e-07
-1.910000000000085241e-03 9.314900000000000381e-07
-1.900000000000085648e-03 9.756599999999999896e-07
-1.890000000000086056e-03 9.908099999999999631e-07
-1.880000000000086463e-03 9.643000000000000255e-07
-1.870000000000086871e-03 9.643000000000000255e-07
-1.860000000000087278e-03 9.693500000000000873e-07
-1.850000000000087685e-03 9.794499999999999990e-07
-1.840000000000088093e-03 9.655699999999999303e-07
-1.830000000000088500e-03 9.756599999999999896e-07
-1.820000000000088908e-03 9.668299999999999826e-07
-1.810000000000089315e-03 9.680900000000000350e-07
-1.800000000000089723e-03 9.794499999999999990e-07
-1.790000000000090130e-03 1.011009999999999998e-06
-1.780000000000090538e-03 1.004690000000000032e-06
-1.770000000000090945e-03 1.002169999999999927e-06
-1.760000000000091352e-03 9.731400000000000967e-07
-1.750000000000091760e-03 9.794499999999999990e-07
-1.740000000000092167e-03 9.920700000000000154e-07
-1.730000000000092575e-03 1.012270000000000051e-06
-1.720000000000092982e-03 9.756599999999999896e-07
-1.710000000000093390e-03 9.718800000000000444e-07
-1.700000000000093797e-03 1.019840000000000005e-06
-1.690000000000094205e-03 1.002169999999999927e-06
-1.680000000000094612e-03 9.920700000000000154e-07
-1.670000000000095020e-03 1.021100000000000058e-06
-1.660000000000095427e-03 9.706199999999999921e-07
-1.650000000000095834e-03 1.016049999999999996e-06
-1.640000000000096242e-03 1.052660000000000057e-06
-1.630000000000096649e-03 1.281109999999999962e-06
-1.620000000000097057e-03 2.077549999999999701e-06
-1.610000000000097464e-03 3.943050000000000305e-06
-1.600000000000097872e-03 7.123740000000000340e-06
-1.590000000000098279e-03 1.068939999999999967e-05
-1.580000000000098687e-03 1.366941000000000064e-05
-1.570000000000099094e-03 1.619502999999999866e-05
-1.560000000000099502e-03 1.834577999999999835e-05
-1.550000000000099909e-03 2.006612999999999960e-05
-1.540000000000100316e-03 2.161610999999999860e-05
-1.530000000000100724e-03 2.298557000000000023e-05
-1.520000000000101131e-03 2.415057000000000008e-05
-1.510000000000101539e-03 2.515146999999999926e-05
-1.500000000000101946e-03 2.603373999999999717e-05
-1.490000000000102354e-03 2.677463999999999883e-05
-1.480000000000102761e-03 2.748523999999999843e-05
-1.470000000000103169e-03 2.798884999999999885e-05
-1.460000000000103576e-03 2.839275000000000018e-05
-1.450000000000103983e-03 2.873353999999999798e-05
-1.440000000000104391e-03 2.899480999999999963e-05
-1.430000000000104798e-03 2.914249000000000022e-05
-1.420000000000105206e-03 2.917277999999999820e-05
-1.410000000000105613e-03 2.914121999999999947e-05
-1.400000000000106021e-03 2.902888999999999847e-05
-1.390000000000106428e-03 2.880421999999999914e-05
-1.380000000000106836e-03 2.851517999999999962e-05
-1.370000000000107243e-03 2.812390999999999752e-05
-1.360000000000107651e-03 2.767204999999999876e-05
-1.350000000000108058e-03 2.708765999999999876e-05
-1.340000000000108465e-03 2.638083999999999931e-05
-1.330000000000108873e-03 2.557934999999999761e-05
-1.320000000000109280e-03 2.467057999999999919e-05
-1.310000000000109688e-03 2.360403999999999907e-05
-1.300000000000110095e-03 2.240622999999999774e-05
-1.290000000000110503e-03 2.109103999999999788e-05
-1.280000000000110910e-03 1.955746999999999827e-05
-1.270000000000111318e-03 1.779420999999999713e-05
-1.260000000000111725e-03 1.580248999999999920e-05
-1.250000000000112133e-03 1.343969000000000041e-05
-1.240000000000112540e-03 1.047861000000000063e-05
-1.230000000000112947e-03 7.050530000000000070e-06
-1.220000000000113355e-03 3.864789999999999973e-06
-1.210000000000113762e-03 1.910939999999999614e-06
-1.200000000000114170e-03 1.226840000000000099e-06
-1.190000000000114577e-03 1.043819999999999986e-06
-1.180000000000114985e-03 1.002169999999999927e-06
-1.170000000000115392e-03 1.022360000000000110e-06
-1.160000000000115800e-03 9.845000000000000608e-07
-1.150000000000116207e-03 9.857600000000001131e-07
-1.140000000000116614e-03 9.870199999999999537e-07
-1.130000000000117022e-03 9.693500000000000873e-07
-1.120000000000117429e-03 1.008480000000000041e-06
-1.110000000000117837e-03 9.882900000000000703e-07
-1.100000000000118244e-03 9.870199999999999537e-07
-1.090000000000118652e-03 9.857600000000001131e-07
-1.080000000000119059e-03 9.870199999999999537e-07
-1.070000000000119467e-03 9.971200000000000772e-07
-1.060000000000119874e-03 9.630399999999999732e-07
-1.050000000000120282e-03 9.567300000000000709e-07
-1.040000000000120689e-03 9.807100000000000513e-07
-1.030000000000121096e-03 9.756599999999999896e-07
-1.020000000000121504e-03 9.542099999999999663e-07
-1.010000000000121911e-03 9.643000000000000255e-07
-1.000000000000122319e-03 1.018579999999999953e-06
-9.900000000001227263e-04 9.529400000000000614e-07
-9.800000000001231337e-04 9.554700000000000186e-07
-9.700000000001235412e-04 9.680900000000000350e-07
-9.600000000001239486e-04 9.504199999999999568e-07
-9.500000000001243561e-04 9.743999999999999373e-07
-9.400000000001247635e-04 1.000910000000000087e-06
-9.300000000001251710e-04 1.002169999999999927e-06
-9.200000000001255784e-04 9.643000000000000255e-07
-9.100000000001259859e-04 9.908099999999999631e-07
-9.000000000001263933e-04 1.002169999999999927e-06
-8.900000000001268008e-04 9.781899999999999467e-07
-8.800000000001272082e-04 9.870199999999999537e-07
-8.700000000001276157e-04 9.832400000000000085e-07
-8.600000000001280231e-04 9.895500000000001226e-07
-8.500000000001284306e-04 9.756599999999999896e-07
-8.400000000001288381e-04 9.996500000000000343e-07
-8.300000000001292455e-04 9.794499999999999990e-07
-8.200000000001296530e-04 9.882900000000000703e-07
-8.100000000001300604e-04 9.971200000000000772e-07
-8.000000000001304679e-04 1.012270000000000051e-06
-7.900000000001308753e-04 1.007219999999999989e-06
-7.800000000001312828e-04 1.024890000000000067e-06
-7.700000000001316902e-04 1.002169999999999927e-06
-7.600000000001320977e-04 9.743999999999999373e-07
-7.500000000001325051e-04 1.002169999999999927e-06
-7.400000000001329126e-04 9.971200000000000772e-07
-7.300000000001333200e-04 9.781899999999999467e-07
-7.200000000001337275e-04 1.000910000000000087e-06
-7.100000000001341349e-04 1.009740000000000094e-06
-7.000000000001345424e-04 9.845000000000000608e-07
-6.900000000001349498e-04 9.971200000000000772e-07
-6.800000000001353573e-04 9.945999999999999726e-07
-6.700000000001357647e-04 9.743999999999999373e-07
-6.600000000001361722e-04 9.819700000000001037e-07
-6.500000000001365796e-04 9.945999999999999726e-07
-6.400000000001369871e-04 9.882900000000000703e-07
-6.300000000001373945e-04 1.013530000000000103e-06
-6.200000000001378020e-04 1.101880000000000070e-06
-6.100000000001382094e-04 1.480540000000000101e-06
-6.000000000001386169e-04 2.632909999999999666e-06
-5.900000000001390243e-04 5.048720000000000173e-06
-5.800000000001394318e-04 8.385920000000000171e-06
-5.700000000001398393e-04 1.173321999999999945e-05
-5.600000000001402467e-04 1.458322000000000096e-05
-5.500000000001406542e-04 1.688543999999999871e-05
-5.400000000001410616e-04 1.879511999999999700e-05
-5.300000000001414691e-04 2.046750000000000012e-05
-5.200000000001418765e-04 2.188494999999999788e-05
-5.100000000001422840e-04 2.310547999999999956e-05
-5.000000000001426914e-04 2.424396999999999821e-05
-4.900000000001430989e-04 2.517040999999999945e-05
-4.800000000001435063e-04 2.594917000000000011e-05
-4.700000000001439138e-04 2.663074999999999909e-05
-4.600000000001443212e-04 2.723785999999999945e-05
-4.500000000001447287e-04 2.769602999999999917e-05
-4.400000000001451361e-04 2.803050999999999939e-05
-4.300000000001455436e-04 2.830944999999999710e-05
-4.200000000001459510e-04 2.846216999999999790e-05
-4.100000000001463585e-04 2.854673999999999835e-05
-4.000000000001467659e-04 2.855556999999999941e-05
-3.900000000001471734e-04 2.842556999999999896e-05
-3.800000000001475808e-04 2.820720999999999721e-05
-3.700000000001479883e-04 2.792069999999999849e-05
-3.600000000001483957e-04 2.754834999999999858e-05
-3.500000000001488032e-04 2.705862999999999744e-05
-3.400000000001492106e-04 2.652598999999999910e-05
-3.300000000001496181e-04 2.579013999999999835e-05
-3.200000000001500255e-04 2.496719999999999704e-05
-3.100000000001504330e-04 2.406094999999999873e-05
-3.000000000001508405e-04 2.302469999999999997e-05
-2.900000000001512479e-04 2.182183999999999773e-05
-2.800000000001516554e-04 2.047507999999999845e-05
-2.700000000001520628e-04 1.889861999999999694e-05
-2.600000000001524703e-04 1.714039999999999940e-05
-2.500000000001528777e-04 1.507042000000000029e-05
-2.400000000001532852e-04 1.259403000000000044e-05
-2.300000000001536926e-04 9.653150000000000912e-06
-2.200000000001541001e-04 6.183420000000000507e-06
-2.100000000001545075e-04 3.163019999999999745e-06
-2.000000000001549150e-04 1.576460000000000023e-06
-1.900000000001553224e-04 1.099359999999999966e-06
-1.800000000001557299e-04 1.000910000000000087e-06
-1.700000000001561373e-04 9.617799999999999209e-07
-1.600000000001565448e-04 9.567300000000000709e-07
-1.500000000001569522e-04 9.845000000000000608e-07
-1.400000000001573597e-04 9.579900000000001232e-07
-1.300000000001577671e-04 9.516800000000000091e-07
-1.200000000001581746e-04 1.016049999999999996e-06
-1.100000000001585820e-04 9.617799999999999209e-07
-1.000000000001589895e-04 9.845000000000000608e-07
-9.000000000015939694e-05 9.706199999999999921e-07
-8.000000000015980439e-05 1.005959999999999937e-06
-7.000000000016021184e-05 9.794499999999999990e-07
-6.000000000016061930e-05 9.908099999999999631e-07
-5.000000000016102675e-05 9.908099999999999631e-07
-4.000000000016143420e-05 9.857600000000001131e-07
-3.000000000016184165e-05 1.018579999999999953e-06
-2.000000000016224910e-05 1.018579999999999953e-06
-1.000000000016265655e-05 1.003429999999999980e-06
-1.630640067418198669e-16 9.832400000000000085e-07
9.999999999836528541e-06 1.021100000000000058e-06
1.999999999983612109e-05 1.024890000000000067e-06
2.999999999983571364e-05 1.016049999999999996e-06
3.999999999983530619e-05 9.920700000000000154e-07
4.999999999983489873e-05 1.007219999999999989e-06
5.999999999983449128e-05 9.933300000000000677e-07
6.999999999983408383e-05 1.017320000000000112e-06
7.999999999983367638e-05 1.019840000000000005e-06
8.999999999983326893e-05 1.003429999999999980e-06
9.999999999983286147e-05 9.983799999999999177e-07
1.099999999998324540e-04 1.003429999999999980e-06
1.199999999998320466e-04 1.003429999999999980e-06
1.299999999998316391e-04 1.008480000000000041e-06
1.399999999998312317e-04 9.895500000000001226e-07
1.499999999998308242e-04 1.022360000000000110e-06
1.599999999998304168e-04 9.845000000000000608e-07
1.699999999998300093e-04 1.012270000000000051e-06
1.799999999998296019e-04 9.882900000000000703e-07
1.899999999998291944e-04 1.000910000000000087e-06
1.999999999998287870e-04 9.945999999999999726e-07
2.099999999998283795e-04 9.933300000000000677e-07
2.199999999998279721e-04 1.017320000000000112e-06
2.299999999998275646e-04 1.011009999999999998e-06
2.399999999998271571e-04 1.018579999999999953e-06
2.499999999998267497e-04 9.983799999999999177e-07
2.599999999998263422e-04 1.012270000000000051e-06
2.699999999998259348e-04 9.908099999999999631e-07
2.799999999998255273e-04 1.000910000000000087e-06
2.899999999998251199e-04 9.693500000000000873e-07
2.999999999998247124e-04 9.870199999999999537e-07
3.099999999998243050e-04 9.983799999999999177e-07
3.199999999998238975e-04 9.857600000000001131e-07
3.299999999998234901e-04 9.958600000000000249e-07
3.399999999998230826e-04 1.014789999999999944e-06
3.499999999998226752e-04 9.996500000000000343e-07
3.599999999998222677e-04 1.036250000000000031e-06
3.699999999998218603e-04 1.019840000000000005e-06
3.799999999998214528e-04 9.971200000000000772e-07
3.899999999998210454e-04 1.069070000000000083e-06
3.999999999998206379e-04 1.247030000000000070e-06
4.099999999998202305e-04 1.830159999999999813e-06
4.199999999998198230e-04 3.497499999999999971e-06
4.299999999998194156e-04 6.360120000000000018e-06
4.399999999998190081e-04 9.761700000000000067e-06
4.499999999998186007e-04 1.296258000000000050e-05
4.599999999998181932e-04 1.545790999999999715e-05
4.699999999998177858e-04 1.757205999999999791e-05
4.799999999998173783e-04 1.938959999999999813e-05
4.899999999998169709e-04 2.093200999999999951e-05
4.999999999998165634e-04 2.232166999999999799e-05
5.099999999998161559e-04 2.343364999999999882e-05
5.199999999998157485e-04 2.442697999999999698e-05
5.299999999998153410e-04 2.530040999999999990e-05
5.399999999998149336e-04 2.601732999999999777e-05
5.499999999998145261e-04 2.661559999999999976e-05
5.599999999998141187e-04 2.715202999999999896e-05
5.699999999998137112e-04 2.753193999999999919e-05
5.799999999998133038e-04 2.783486999999999799e-05
5.899999999998128963e-04 2.800020999999999733e-05
5.999999999998124889e-04 2.808856999999999863e-05
6.099999999998120814e-04 2.809992999999999711e-05
6.199999999998116740e-04 2.799263999999999970e-05
6.299999999998112665e-04 2.776796999999999699e-05
6.399999999998108591e-04 2.749912999999999772e-05
6.499999999998104516e-04 2.711415999999999927e-05
6.599999999998100442e-04 2.660928999999999880e-05
6.699999999998096367e-04 2.601353999999999692e-05
6.799999999998092293e-04 2.534331999999999980e-05
6.899999999998088218e-04 2.450270999999999905e-05
6.999999999998084144e-04 2.354092999999999892e-05
7.099999999998080069e-04 2.247564999999999885e-05
7.199999999998075995e-04 2.121599999999999813e-05
7.299999999998071920e-04 1.982505999999999819e-05
7.399999999998067846e-04 1.817033999999999720e-05
7.499999999998063771e-04 1.635784999999999789e-05
7.599999999998059697e-04 1.415030000000000071e-05
7.699999999998055622e-04 1.149340999999999979e-05
7.799999999998051547e-04 8.344270000000000325e-06
7.899999999998047473e-04 4.893470000000000262e-06
7.999999999998043398e-04 2.446099999999999755e-06
8.099999999998039324e-04 1.385869999999999955e-06
8.199999999998035249e-04 1.069070000000000083e-06
8.299999999998031175e-04 1.028680000000000077e-06
8.399999999998027100e-04 1.036250000000000031e-06
8.499999999998023026e-04 1.022360000000000110e-06
8.599999999998018951e-04 1.051389999999999940e-06
8.699999999998014877e-04 1.038769999999999924e-06
8.799999999998010802e-04 1.021100000000000058e-06
8.899999999998006728e-04 1.038769999999999924e-06
8.999999999998002653e-04 1.022360000000000110e-06
9.099999999997998579e-04 1.045080000000000038e-06
9.199999999997994504e-04 1.036250000000000031e-06
9.299999999997990430e-04 1.027409999999999960e-06
9.399999999997986355e-04 1.007219999999999989e-06
9.499999999997982281e-04 1.017320000000000112e-06
9.599999999997978206e-04 1.041300000000000093e-06
9.699999999997974132e-04 1.026150000000000119e-06
9.799999999997970057e-04 1.029940000000000129e-06
9.899999999997965983e-04 1.033720000000000074e-06
9.999999999997961908e-04 1.011009999999999998e-06
1.009999999999795783e-03 1.009740000000000094e-06
1.019999999999795376e-03 1.017320000000000112e-06
1.029999999999794968e-03 1.028680000000000077e-06
1.039999999999794561e-03 1.037510000000000084e-06
1.049999999999794154e-03 1.037510000000000084e-06
1.059999999999793746e-03 9.971200000000000772e-07
1.069999999999793339e-03 1.024890000000000067e-06
1.079999999999792931e-03 1.018579999999999953e-06
1.089999999999792524e-03 9.655699999999999303e-07
1.099999999999792116e-03 1.014789999999999944e-06
1.109999999999791709e-03 9.832400000000000085e-07
1.119999999999791301e-03 9.870199999999999537e-07
1.129999999999790894e-03 9.996500000000000343e-07
1.139999999999790486e-03 9.920700000000000154e-07
1.149999999999790079e-03 9.882900000000000703e-07
1.159999999999789672e-03 9.882900000000000703e-07
1.169999999999789264e-03 9.819700000000001037e-07
1.179999999999788857e-03 9.706199999999999921e-07
1.189999999999788449e-03 9.668299999999999826e-07
1.199999999999788042e-03 9.655699999999999303e-07
1.209999999999787634e-03 9.781899999999999467e-07
1.219999999999787227e-03 9.693500000000000873e-07
1.229999999999786819e-03 9.857600000000001131e-07
1.239999999999786412e-03 9.680900000000000350e-07
1.249999999999786005e-03 9.491600000000001162e-07
1.259999999999785597e-03 9.617799999999999209e-07
1.269999999999785190e-03 9.807100000000000513e-07
1.279999999999784782e-03 9.731400000000000967e-07
1.289999999999784375e-03 9.845000000000000608e-07
1.299999999999783967e-03 9.693500000000000873e-07
1.309999999999783560e-03 9.680900000000000350e-07
1.319999999999783152e-03 9.415899999999999499e-07
1.329999999999782745e-03 9.529400000000000614e-07
1.339999999999782337e-03 9.655699999999999303e-07
1.349999999999781930e-03 9.680900000000000350e-07
1.359999999999781523e-03 9.479000000000000639e-07
1.369999999999781115e-03 9.314900000000000381e-07
1.379999999999780708e-03 9.453700000000001068e-07
1.389999999999780300e-03 9.516800000000000091e-07
1.399999999999779893e-03 9.718800000000000444e-07
1.409999999999779485e-03 1.033720000000000074e-06
1.419999999999779078e-03 1.336649999999999942e-06
1.429999999999778670e-03 2.304739999999999977e-06
1.439999999999778263e-03 4.446659999999999876e-06
1.449999999999777855e-03 7.746000000000000037e-06
1.459999999999777448e-03 1.101377999999999978e-05
1.469999999999777041e-03 1.392184000000000052e-05
1.479999999999776633e-03 1.629220999999999694e-05
1.489999999999776226e-03 1.825489999999999695e-05
1.499999999999775818e-03 1.996893999999999723e-05
1.509999999999775411e-03 2.138638999999999837e-05
1.519999999999775003e-03 2.261953999999999858e-05
1.529999999999774596e-03 2.365073999999999982e-05
1.539999999999774188e-03 2.459484999999999712e-05
1.549999999999773781e-03 2.538497999999999696e-05
1.559999999999773374e-03 2.602237999999999868e-05
1.569999999999772966e-03 2.656510999999999814e-05
1.579999999999772559e-03 2.701193000000000008e-05
1.589999999999772151e-03 2.729212999999999783e-05
1.599999999999771744e-03 2.751300999999999969e-05
1.609999999999771336e-03 2.755844999999999701e-05
1.619999999999770929e-03 2.760514999999999776e-05
1.629999999999770521e-03 2.748650999999999918e-05
1.639999999999770114e-03 2.728960999999999773e-05
1.649999999999769706e-03 2.700939999999999927e-05
1.659999999999769299e-03 2.662064999999999728e-05
1.669999999999768892e-03 2.608800999999999893e-05
1.679999999999768484e-03 2.547458999999999761e-05
1.689999999999768077e-03 2.474757999999999862e-05
1.699999999999767669e-03 2.393725999999999924e-05
1.709999999999767262e-03 2.289847999999999968e-05
1.719999999999766854e-03 2.181427000000000011e-05
1.729999999999766447e-03 2.053060999999999688e-05
1.739999999999766039e-03 1.900968999999999790e-05
1.749999999999765632e-03 1.731331999999999706e-05
1.759999999999765224e-03 1.538470999999999928e-05
1.769999999999764817e-03 1.300675999999999945e-05
1.779999999999764410e-03 1.013025000000000012e-05
1.789999999999764002e-03 6.733729999999999986e-06
1.799999999999763595e-03 3.503809999999999662e-06
1.809999999999763187e-03 1.716559999999999960e-06
1.819999999999762780e-03 1.101880000000000070e-06
1.829999999999762372e-03 1.016049999999999996e-06
1.839999999999761965e-03 9.592600000000000280e-07
1.849999999999761557e-03 9.819700000000001037e-07
1.859999999999761150e-03 9.529400000000000614e-07
1.869999999999760742e-03 9.895500000000001226e-07
1.879999999999760335e-03 9.655699999999999303e-07
1.889999999999759928e-03 9.428500000000000022e-07
1.899999999999759520e-03 9.605200000000000803e-07
1.909999999999759113e-03 9.655699999999999303e-07
1.919999999999758705e-03 9.516800000000000091e-07
1.929999999999758298e-03 9.340099999999999310e-07
1.939999999999757890e-03 9.415899999999999499e-07
1.949999999999757483e-03 9.605200000000000803e-07
1.959999999999757075e-03 9.504199999999999568e-07
1.969999999999756668e-03 9.377999999999999404e-07
1.979999999999756261e-03 9.529400000000000614e-07
1.989999999999755853e-03 9.466299999999999473e-07
1.999999999999755446e-03 9.630399999999999732e-07
2.009999999999755038e-03 9.516800000000000091e-07
2.019999999999754631e-03 9.579900000000001232e-07
2.029999999999754223e-03 9.390599999999999927e-07
2.039999999999753816e-03 9.428500000000000022e-07
2.049999999999753408e-03 9.428500000000000022e-07
2.059999999999753001e-03 9.529400000000000614e-07
2.069999999999752593e-03 9.428500000000000022e-07
2.079999999999752186e-03 9.415899999999999499e-07
2.089999999999751779e-03 9.264399999999999763e-07
2.099999999999751371e-03 9.567300000000000709e-07
2.109999999999750964e-03 9.340099999999999310e-07
2.119999999999750556e-03 9.377999999999999404e-07
2.129999999999750149e-03 9.138199999999999599e-07
2.139999999999749741e-03 9.340099999999999310e-07
2.149999999999749334e-03 9.352699999999999833e-07
2.159999999999748926e-03 9.441100000000000545e-07
2.169999999999748519e-03 9.504199999999999568e-07
2.179999999999748111e-03 9.314900000000000381e-07
2.189999999999747704e-03 9.617799999999999209e-07
2.199999999999747297e-03 9.491600000000001162e-07
2.209999999999746889e-03 9.327500000000000904e-07
2.219999999999746482e-03 9.024599999999999959e-07
2.229999999999746074e-03 9.352699999999999833e-07
2.239999999999745667e-03 9.403200000000000450e-07
2.249999999999745259e-03 9.377999999999999404e-07
2.259999999999744852e-03 9.112900000000000028e-07
2.269999999999744444e-03 9.453700000000001068e-07
2.279999999999744037e-03 9.150800000000000123e-07
2.289999999999743630e-03 9.251799999999999240e-07
2.299999999999743222e-03 9.466299999999999473e-07
2.309999999999742815e-03 8.948799999999999770e-07
2.319999999999742407e-03 9.314900000000000381e-07
2.329999999999742000e-03 9.251799999999999240e-07
2.339999999999741592e-03 9.415899999999999499e-07
2.349999999999741185e-03 9.075100000000000576e-07
2.359999999999740777e-03 9.302299999999999858e-07
2.369999999999740370e-03 9.011999999999999435e-07
2.379999999999739962e-03 9.112900000000000028e-07
2.389999999999739555e-03 9.138199999999999599e-07
2.399999999999739148e-03 9.125600000000001194e-07
2.409999999999738740e-03 8.999300000000000387e-07
2.419999999999738333e-03 9.479000000000000639e-07
2.429999999999737925e-03 1.064020000000000021e-06
2.439999999999737518e-03 1.547429999999999980e-06
2.449999999999737110e-03 2.995149999999999606e-06
2.459999999999736703e-03 5.634370000000000232e-06
2.469999999999736295e-03 9.020800000000000097e-06
2.479999999999735888e-03 1.226459999999999943e-05
2.489999999999735480e-03 1.489877000000000000e-05
2.499999999999735073e-03 1.710379999999999708e-05
2.509999999999734666e-03 1.894909999999999786e-05
2.519999999999734258e-03 2.045740999999999901e-05
2.529999999999733851e-03 2.178523999999999879e-05
2.539999999999733443e-03 2.293886999999999947e-05
2.549999999999733036e-03 2.395870999999999884e-05
2.559999999999732628e-03 2.479300999999999863e-05
2.569999999999732221e-03 2.550614999999999973e-05
2.579999999999731813e-03 2.602615999999999884e-05
2.589999999999731406e-03 2.648937999999999946e-05
2.599999999999730999e-03 2.683142999999999732e-05
2.609999999999730591e-03 2.704852999999999901e-05
2.619999999999730184e-03 2.720124999999999982e-05
2.629999999999729776e-03 2.725173999999999804e-05
2.639999999999729369e-03 2.710910999999999836e-05
2.649999999999728961e-03 2.696017999999999841e-05
2.659999999999728554e-03 2.668375999999999742e-05
2.669999999999728146e-03 2.626092999999999998e-05
2.679999999999727739e-03 2.574469999999999764e-05
2.689999999999727331e-03 2.509971999999999759e-05
2.699999999999726924e-03 2.436009000000000007e-05
2.709999999999726517e-03 2.347403999999999862e-05
2.719999999999726109e-03 2.247312999999999874e-05
2.729999999999725702e-03 2.132201999999999817e-05
2.739999999999725294e-03 1.991340999999999879e-05
2.749999999999724887e-03 1.839500999999999991e-05
2.759999999999724479e-03 1.657872999999999975e-05
2.769999999999724072e-03 1.442671000000000100e-05
2.779999999999723664e-03 1.191370999999999981e-05
2.789999999999723257e-03 8.763310000000000297e-06
2.799999999999722849e-03 5.209010000000000293e-06
2.809999999999722442e-03 2.534459999999999786e-06
2.819999999999722035e-03 1.344220000000000108e-06
2.829999999999721627e-03 9.945999999999999726e-07
2.839999999999721220e-03 9.743999999999999373e-07
2.849999999999720812e-03 9.365400000000000999e-07
2.859999999999720405e-03 9.504199999999999568e-07
2.869999999999719997e-03 9.390599999999999927e-07
2.879999999999719590e-03 9.314900000000000381e-07
2.889999999999719182e-03 9.466299999999999473e-07
2.899999999999718775e-03 9.264399999999999763e-07
2.909999999999718368e-03 9.466299999999999473e-07
2.919999999999717960e-03 9.504199999999999568e-07
2.929999999999717553e-03 9.377999999999999404e-07
2.939999999999717145e-03 9.542099999999999663e-07
2.949999999999716738e-03 9.504199999999999568e-07
2.959999999999716330e-03 9.466299999999999473e-07
2.969999999999715923e-03 9.428500000000000022e-07
2.979999999999715515e-03 9.428500000000000022e-07
2.989999999999715108e-03 9.390599999999999927e-07
2.999999999999714700e-03 9.554700000000000186e-07
3.009999999999714293e-03 9.302299999999999858e-07
3.019999999999713886e-03 9.277000000000000286e-07
3.029999999999713478e-03 9.441100000000000545e-07
3.039999999999713071e-03 9.479000000000000639e-07
3.049999999999712663e-03 9.365400000000000999e-07
3.059999999999712256e-03 9.491600000000001162e-07
3.069999999999711848e-03 9.176000000000001169e-07
3.079999999999711441e-03 9.428500000000000022e-07
3.089999999999711033e-03 9.340099999999999310e-07
3.099999999999710626e-03 9.277000000000000286e-07
3.109999999999710218e-03 9.718800000000000444e-07
3.119999999999709811e-03 9.188700000000000217e-07
3.129999999999709404e-03 9.706199999999999921e-07
3.139999999999708996e-03 9.567300000000000709e-07
3.149999999999708589e-03 9.655699999999999303e-07
3.159999999999708181e-03 9.592600000000000280e-07
3.169999999999707774e-03 9.617799999999999209e-07
3.179999999999707366e-03 9.655699999999999303e-07
3.189999999999706959e-03 9.680900000000000350e-07
3.199999999999706551e-03 9.895500000000001226e-07
3.209999999999706144e-03 9.945999999999999726e-07
3.219999999999705736e-03 9.731400000000000967e-07
3.229999999999705329e-03 9.819700000000001037e-07
3.239999999999704922e-03 1.005959999999999937e-06
3.249999999999704514e-03 9.920700000000000154e-07
3.259999999999704107e-03 9.605200000000000803e-07
3.269999999999703699e-03 9.794499999999999990e-07
3.279999999999703292e-03 9.882900000000000703e-07
3.289999999999702884e-03 1.004690000000000032e-06
3.299999999999702477e-03 9.870199999999999537e-07
3.309999999999702069e-03 9.794499999999999990e-07
3.319999999999701662e-03 1.018579999999999953e-06
3.329999999999701255e-03 9.819700000000001037e-07
3.339999999999700847e-03 9.971200000000000772e-07
3.349999999999700440e-03 1.021100000000000058e-06
3.359999999999700032e-03 1.000910000000000087e-06
3.369999999999699625e-03 1.000910000000000087e-06
3.379999999999699217e-03 9.743999999999999373e-07
3.389999999999698810e-03 1.002169999999999927e-06
3.399999999999698402e-03 9.882900000000000703e-07
3.409999999999697995e-03 9.908099999999999631e-07
3.419999999999697587e-03 1.009740000000000094e-06
3.429999999999697180e-03 9.971200000000000772e-07
3.439999999999696773e-03 1.061490000000000064e-06
3.449999999999696365e-03 1.267230000000000105e-06
3.459999999999695958e-03 2.032109999999999844e-06
3.469999999999695550e-03 3.961980000000000647e-06
3.479999999999695143e-03 7.001310000000000057e-06
3.489999999999694735e-03 1.042938999999999977e-05
3.499999999999694328e-03 1.351162999999999992e-05
3.509999999999693920e-03 1.604356999999999791e-05
3.519999999999693513e-03 1.803654999999999928e-05
3.529999999999693105e-03 1.975436999999999972e-05
3.539999999999692698e-03 2.118822999999999686e-05
3.549999999999692291e-03 2.248574999999999728e-05
3.559999999999691883e-03 2.354345999999999972e-05
3.569999999999691476e-03 2.442571999999999693e-05
3.579999999999691068e-03 2.517418999999999961e-05
3.589999999999690661e-03 2.583683999999999910e-05
3.599999999999690253e-03 2.630636999999999730e-05
3.609999999999689846e-03 2.670899999999999788e-05
3.619999999999689438e-03 2.695386999999999745e-05
3.629999999999689031e-03 2.709522999999999977e-05
3.639999999999688624e-03 2.713435999999999951e-05
3.649999999999688216e-03 2.707250999999999942e-05
3.659999999999687809e-03 2.689580999999999821e-05
3.669999999999687401e-03 2.661307999999999965e-05
3.679999999999686994e-03 2.622305999999999690e-05
3.689999999999686586e-03 2.566138999999999725e-05
3.699999999999686179e-03 2.501641999999999790e-05
3.709999999999685771e-03 2.422376999999999796e-05
3.719999999999685364e-03 2.328344999999999813e-05
3.729999999999684956e-03 2.221311999999999714e-05
3.739999999999684549e-03 2.101278999999999910e-05
3.749999999999684142e-03 1.956757000000000009e-05
3.759999999999683734e-03 1.791916000000000006e-05
3.769999999999683327e-03 1.605113999999999893e-05
3.779999999999682919e-03 1.372494000000000077e-05
3.789999999999682512e-03 1.094310000000000031e-05
3.799999999999682104e-03 7.511230000000000589e-06
3.809999999999681697e-03 4.086940000000000040e-06
3.819999999999681289e-03 1.890740000000000002e-06
3.829999999999680882e-03 1.128390000000000008e-06
3.839999999999680474e-03 9.554700000000000186e-07
3.849999999999680067e-03 9.352699999999999833e-07
3.859999999999679660e-03 9.264399999999999763e-07
3.869999999999679252e-03 9.264399999999999763e-07
3.879999999999678845e-03 9.125600000000001194e-07
3.889999999999678437e-03 9.415899999999999499e-07
3.899999999999678030e-03 9.277000000000000286e-07
3.909999999999677622e-03 9.188700000000000217e-07
3.919999999999677215e-03 9.188700000000000217e-07
3.929999999999676807e-03 9.075100000000000576e-07
3.939999999999676400e-03 9.138199999999999599e-07
3.949999999999675993e-03 9.049800000000001005e-07
3.959999999999675585e-03 9.049800000000001005e-07
3.969999999999675178e-03 8.746900000000000059e-07
3.979999999999674770e-03 9.075100000000000576e-07
3.989999999999674363e-03 9.125600000000001194e-07
